                0.98                    0 71310 9978 7.14672
             0.98005                    0 71292 9978 7.14492
              0.9801                    0 71266 9977 7.14303
             0.98015                    0 71234 9976 7.14054
              0.9802                    0 71216 9976 7.13873
             0.98025                    0 71192 9976 7.13633
              0.9803                    0 71172 9976 7.13432
             0.98035                    0 71160 9976 7.13312
              0.9804                    0 71148 9976 7.13192
             0.98045                    0 71130 9976 7.13011
              0.9805                    0 71112 9976 7.12831
             0.98055                    0 71096 9976 7.1267
              0.9806                    0 71078 9976 7.1249
             0.98065                    0 71060 9976 7.1231
              0.9807                    0 71040 9976 7.12109
             0.98075                    0 71024 9976 7.11949
              0.9808                    0 71012 9976 7.11828
             0.98085                    0 70994 9976 7.11648
              0.9809                    0 70976 9976 7.11468
             0.98095                    0 70960 9976 7.11307
               0.981                    0 70948 9976 7.11187
             0.98105                    0 70930 9976 7.11006
              0.9811                    0 70902 9976 7.10726
             0.98115                    0 70882 9976 7.10525
              0.9812                    0 70864 9976 7.10345
             0.98125                    0 70830 9976 7.10004
              0.9813                    0 70804 9976 7.09743
             0.98135                    0 70782 9976 7.09523
              0.9814                    0 70754 9976 7.09242
             0.98145                    0 70732 9975 7.09093
              0.9815                    0 70716 9975 7.08932
             0.98155                    0 70700 9975 7.08772
              0.9816                    0 70676 9974 7.08602
             0.98165                    0 70662 9974 7.08462
              0.9817                    0 70644 9974 7.08282
             0.98175                    0 70620 9974 7.08041
              0.9818                    0 70606 9974 7.07901
             0.98185                    0 70592 9974 7.0776
              0.9819                    0 70568 9974 7.0752
             0.98195                    0 70538 9973 7.0729
               0.982                    0 70522 9973 7.07129
             0.98205                    0 70502 9973 7.06929
              0.9821                    0 70486 9973 7.06768
             0.98215                    0 70468 9973 7.06588
              0.9822                    0 70458 9973 7.06488
             0.98225                    0 70436 9973 7.06267
              0.9823                    0 70412 9973 7.06026
             0.98235                    0 70392 9972 7.05897
              0.9824                    0 70370 9972 7.05676
             0.98245                    0 70358 9972 7.05556
              0.9825                    0 70338 9972 7.05355
             0.98255                    0 70318 9972 7.05154
              0.9826                    0 70294 9972 7.04914
             0.98265                    0 70264 9972 7.04613
              0.9827                    0 70246 9972 7.04432
             0.98275                    0 70228 9972 7.04252
              0.9828                    0 70214 9972 7.04112
             0.98285                    0 70192 9972 7.03891
              0.9829                    0 70156 9972 7.0353
             0.98295                    0 70146 9972 7.0343
               0.983                    0 70120 9972 7.03169
             0.98305                    0 70104 9972 7.03008
              0.9831                    0 70074 9972 7.02708
             0.98315                    0 70052 9972 7.02487
              0.9832                    0 70026 9972 7.02226
             0.98325                    0 69976 9970 7.01866
              0.9833                    0 69956 9970 7.01665
             0.98335                    0 69928 9970 7.01384
              0.9834                    0 69914 9970 7.01244
             0.98345                    0 69894 9970 7.01043
              0.9835                    0 69872 9970 7.00822
             0.98355                    0 69846 9969 7.00632
              0.9836                    0 69820 9969 7.00371
             0.98365                    0 69812 9969 7.00291
              0.9837                    0 69786 9969 7.0003
             0.98375                    0 69764 9969 6.99809
              0.9838                    0 69728 9969 6.99448
             0.98385                    0 69704 9968 6.99278
              0.9839                    0 69682 9968 6.99057
             0.98395                    0 69668 9968 6.98917
               0.984                    0 69646 9968 6.98696
             0.98405                    0 69628 9968 6.98515
              0.9841                    0 69602 9967 6.98324
             0.98415                    0 69564 9967 6.97943
              0.9842                    0 69550 9967 6.97803
             0.98425                    0 69522 9967 6.97522
              0.9843                    0 69498 9966 6.97351
             0.98435                    0 69480 9966 6.9717
              0.9844                    0 69464 9966 6.9701
             0.98445                    0 69432 9966 6.96689
              0.9845                    0 69410 9966 6.96468
             0.98455                    0 69396 9966 6.96328
              0.9846                    0 69382 9965 6.96257
             0.98465                    0 69360 9965 6.96036
              0.9847                    0 69340 9965 6.95835
             0.98475                    0 69324 9965 6.95675
              0.9848                    0 69306 9965 6.95494
             0.98485                    0 69282 9965 6.95253
              0.9849                    0 69244 9965 6.94872
             0.98495                    0 69206 9964 6.9456
               0.985                    0 69182 9964 6.9432
             0.98505                    0 69168 9964 6.94179
              0.9851                    0 69140 9964 6.93898
             0.98515                    0 69114 9964 6.93637
              0.9852                    0 69090 9964 6.93396
             0.98525                    0 69068 9964 6.93175
              0.9853                    0 69034 9963 6.92904
             0.98535                    0 69014 9963 6.92703
              0.9854                    0 68982 9963 6.92382
             0.98545                    0 68964 9963 6.92201
              0.9855                    0 68948 9963 6.92041
             0.98555                    0 68922 9963 6.9178
              0.9856                    0 68906 9963 6.91619
             0.98565                    0 68884 9963 6.91398
              0.9857                    0 68858 9963 6.91137
             0.98575                    0 68834 9963 6.90896
              0.9858                    0 68814 9963 6.90696
             0.98585                    0 68790 9963 6.90455
              0.9859                    0 68768 9963 6.90234
             0.98595                    0 68750 9963 6.90053
               0.986                    0 68726 9963 6.89812
             0.98605                    0 68704 9963 6.89591
              0.9861                    0 68682 9963 6.89371
             0.98615                    0 68662 9963 6.8917
              0.9862                    0 68650 9963 6.89049
             0.98625                    0 68624 9963 6.88789
              0.9863                    0 68598 9963 6.88528
             0.98635                    0 68574 9963 6.88287
              0.9864                    0 68552 9963 6.88066
             0.98645                    0 68540 9963 6.87945
              0.9865                    0 68520 9963 6.87745
             0.98655                    0 68488 9963 6.87423
              0.9866                    0 68466 9963 6.87203
             0.98665                    0 68442 9963 6.86962
              0.9867                    0 68422 9963 6.86761
             0.98675                    0 68412 9963 6.86661
              0.9868                    0 68398 9963 6.8652
             0.98685                    0 68376 9963 6.86299
              0.9869                    0 68360 9963 6.86139
             0.98695                    0 68338 9962 6.85987
               0.987                    0 68316 9962 6.85766
             0.98705                    0 68288 9962 6.85485
              0.9871                    0 68282 9962 6.85425
             0.98715                    0 68262 9961 6.85293
              0.9872                    0 68236 9960 6.851
             0.98725                    0 68222 9960 6.8496
              0.9873                    0 68190 9959 6.84707
             0.98735                    0 68178 9959 6.84587
              0.9874                    0 68146 9958 6.84334
             0.98745                    0 68118 9958 6.84053
              0.9875                    0 68106 9958 6.83933
             0.98755                    0 68086 9958 6.83732
              0.9876                    0 68044 9956 6.83447
             0.98765                    0 68010 9956 6.83106
              0.9877                    0 67988 9955 6.82953
             0.98775                    0 67964 9955 6.82712
              0.9878                    0 67924 9955 6.8231
             0.98785                    0 67912 9955 6.8219
              0.9879                    0 67896 9955 6.82029
             0.98795                    0 67876 9955 6.81828
               0.988                    0 67840 9955 6.81467
             0.98805                    0 67806 9954 6.81193
              0.9881                    0 67760 9954 6.80731
             0.98815                    0 67740 9954 6.8053
              0.9882                    0 67716 9954 6.80289
             0.98825                    0 67666 9953 6.79855
              0.9883                    0 67656 9953 6.79755
             0.98835                    0 67628 9953 6.79474
              0.9884                    0 67598 9952 6.7924
             0.98845                    0 67560 9951 6.78927
              0.9885                    0 67540 9951 6.78726
             0.98855                    0 67496 9949 6.7842
              0.9886                    0 67450 9947 6.78094
             0.98865                    0 67430 9947 6.77893
              0.9887                    0 67402 9947 6.77611
             0.98875                    0 67382 9947 6.7741
              0.9888                    0 67362 9947 6.77209
             0.98885                    0 67320 9946 6.76855
              0.9889                    0 67306 9946 6.76714
             0.98895                    0 67286 9946 6.76513
               0.989                    0 67262 9946 6.76272
             0.98905                    0 67246 9946 6.76111
              0.9891                    0 67218 9946 6.75829
             0.98915                    0 67196 9946 6.75608
              0.9892                    0 67182 9946 6.75468
             0.98925                    0 67172 9946 6.75367
              0.9893                    0 67158 9946 6.75226
             0.98935                    0 67130 9946 6.74945
              0.9894                    0 67116 9946 6.74804
             0.98945                    0 67080 9946 6.74442
              0.9895                    0 67060 9946 6.74241
             0.98955                    0 67030 9946 6.73939
              0.9896                    0 67002 9946 6.73658
             0.98965                    0 66970 9945 6.73404
              0.9897                    0 66952 9945 6.73223
             0.98975                    0 66938 9945 6.73082
              0.9898                    0 66906 9945 6.7276
             0.98985                    0 66888 9945 6.72579
              0.9899                    0 66848 9945 6.72177
             0.98995                    0 66816 9943 6.7199
                0.99                    0 66790 9942 6.71796
             0.99005                    0 66770 9942 6.71595
              0.9901                    0 66748 9942 6.71374
             0.99015                    0 66736 9942 6.71253
              0.9902                    0 66712 9942 6.71012
             0.99025                    0 66662 9941 6.70576
              0.9903                    0 66638 9941 6.70335
             0.99035                    0 66614 9941 6.70094
              0.9904                    0 66588 9941 6.69832
             0.99045                    0 66572 9941 6.69671
              0.9905                    0 66548 9941 6.6943
             0.99055                    0 66526 9941 6.69208
              0.9906                    0 66502 9941 6.68967
             0.99065                    0 66468 9941 6.68625
              0.9907                    0 66428 9940 6.6829
             0.99075                    0 66404 9940 6.68048
              0.9908                    0 66384 9940 6.67847
             0.99085                    0 66354 9940 6.67545
              0.9909                    0 66330 9939 6.67371
             0.99095                    0 66308 9939 6.6715
               0.991                    0 66286 9939 6.66928
             0.99105                    0 66260 9939 6.66667
              0.9911                    0 66236 9939 6.66425
             0.99115                    0 66202 9938 6.6615
              0.9912                    0 66178 9937 6.65976
             0.99125                    0 66122 9935 6.65546
              0.9913                    0 66086 9935 6.65184
             0.99135                    0 66072 9935 6.65043
              0.9914                    0 66036 9934 6.64747
             0.99145                    0 66008 9933 6.64532
              0.9915                    0 65978 9933 6.6423
             0.99155                    0 65956 9933 6.64009
              0.9916                    0 65936 9933 6.63808
             0.99165                    0 65888 9932 6.63391
              0.9917                    0 65850 9931 6.63075
             0.99175                    0 65836 9931 6.62934
              0.9918                    0 65824 9931 6.62813
             0.99185                    0 65802 9931 6.62592
              0.9919                    0 65784 9931 6.62411
             0.99195                    0 65774 9931 6.6231
               0.992                    0 65740 9931 6.61968
             0.99205                    0 65712 9931 6.61686
              0.9921                    0 65680 9931 6.61363
             0.99215                    0 65642 9930 6.61047
              0.9922                    0 65618 9930 6.60806
             0.99225                    0 65578 9929 6.60469
              0.9923                    0 65552 9928 6.60274
             0.99235                    0 65518 9927 6.59998
              0.9924                    0 65498 9927 6.59797
             0.99245                    0 65456 9927 6.59373
              0.9925                    0 65436 9927 6.59172
             0.99255                    0 65398 9927 6.58789
              0.9926                    0 65358 9926 6.58453
             0.99265                    0 65320 9925 6.58136
              0.9927                    0 65266 9924 6.57658
             0.99275                    0 65244 9924 6.57437
              0.9928                    0 65208 9923 6.5714
             0.99285                    0 65190 9923 6.56959
              0.9929                    0 65172 9923 6.56777
             0.99295                    0 65126 9923 6.56314
               0.993                    0 65078 9922 6.55896
             0.99305                    0 65044 9922 6.55553
              0.9931                    0 65022 9921 6.55398
             0.99315                    0 64982 9920 6.5506
              0.9932                    0 64942 9919 6.54723
             0.99325                    0 64892 9919 6.54219
              0.9933                    0 64850 9918 6.53862
             0.99335                    0 64808 9917 6.53504
              0.9934                    0 64786 9917 6.53282
             0.99345                    0 64754 9916 6.53025
              0.9935                    0 64740 9916 6.52884
             0.99355                    0 64700 9916 6.52481
              0.9936                    0 64670 9914 6.5231
             0.99365                    0 64632 9913 6.51992
              0.9937                    0 64592 9913 6.51589
             0.99375                    0 64576 9913 6.51427
              0.9938                    0 64552 9913 6.51185
             0.99385                    0 64528 9913 6.50943
              0.9939                    0 64500 9913 6.50661
             0.99395                    0 64476 9913 6.50419
               0.994                    0 64446 9913 6.50116
             0.99405                    0 64412 9913 6.49773
              0.9941                    0 64376 9913 6.4941
             0.99415                    0 64344 9913 6.49087
              0.9942                    0 64322 9913 6.48865
             0.99425                    0 64292 9912 6.48628
              0.9943                    0 64246 9912 6.48164
             0.99435                    0 64214 9910 6.47972
              0.9944                    0 64162 9908 6.47578
             0.99445                    0 64132 9908 6.47275
              0.9945                    0 64108 9907 6.47098
             0.99455                    0 64072 9906 6.468
              0.9946                    0 64030 9905 6.46441
             0.99465                    0 63990 9905 6.46037
              0.9947                    0 63942 9904 6.45618
             0.99475                    0 63904 9904 6.45234
              0.9948                    0 63876 9904 6.44952
             0.99485                    0 63850 9904 6.44689
              0.9949                    0 63814 9903 6.44391
             0.99495                    0 63782 9903 6.44067
               0.995                    0 63752 9903 6.43765
             0.99505                    0 63732 9903 6.43563
              0.9951                    0 63702 9903 6.4326
             0.99515                    0 63662 9901 6.42986
              0.9952                    0 63620 9901 6.42561
             0.99525                    0 63588 9901 6.42238
              0.9953                    0 63548 9901 6.41834
             0.99535                    0 63526 9901 6.41612
              0.9954                    0 63484 9899 6.41317
             0.99545                    0 63440 9897 6.41002
              0.9955                    0 63396 9896 6.40622
             0.99555                    0 63358 9895 6.40303
              0.9956                    0 63320 9895 6.39919
             0.99565                    0 63290 9895 6.39616
              0.9957                    0 63258 9895 6.39293
             0.99575                    0 63220 9895 6.38909
              0.9958                    0 63176 9894 6.38528
             0.99585                    0 63138 9894 6.38144
              0.9959                    0 63108 9894 6.37841
             0.99595                    0 63068 9894 6.37437
               0.996                    0 63036 9894 6.37113
             0.99605                    0 62992 9893 6.36733
              0.9961                    0 62948 9893 6.36288
             0.99615                    0 62916 9893 6.35965
              0.9962                    0 62872 9891 6.35649
             0.99625                    0 62828 9891 6.35204
              0.9963                    0 62780 9891 6.34718
             0.99635                    0 62750 9891 6.34415
              0.9964                    0 62690 9890 6.33873
             0.99645                    0 62652 9889 6.33552
              0.9965                    0 62614 9889 6.33168
             0.99655                    0 62576 9889 6.32784
              0.9966                    0 62546 9889 6.32481
             0.99665                    0 62502 9889 6.32036
              0.9967                    0 62450 9888 6.31574
             0.99675                    0 62414 9888 6.3121
              0.9968                    0 62360 9886 6.30791
             0.99685                    0 62326 9885 6.30511
              0.9969                    0 62282 9885 6.30066
             0.99695                    0 62252 9885 6.29762
               0.997                    0 62194 9885 6.29176
             0.99705                    0 62150 9884 6.28794
              0.9971                    0 62118 9884 6.2847
             0.99715                    0 62076 9883 6.28109
              0.9972                    0 62028 9882 6.27687
             0.99725                    0 61972 9880 6.27247
              0.9973                    0 61936 9880 6.26883
             0.99735                    0 61894 9880 6.26457
              0.9974                    0 61870 9880 6.26215
             0.99745                    0 61830 9879 6.25873
              0.9975                    0 61774 9878 6.2537
             0.99755                    0 61728 9877 6.24967
              0.9976                    0 61640 9872 6.24392
             0.99765                    0 61592 9872 6.23906
              0.9977                    0 61552 9872 6.23501
             0.99775                    0 61488 9870 6.22979
              0.9978                    0 61420 9869 6.22353
             0.99785                    0 61352 9868 6.21727
              0.9979                    0 61290 9868 6.21099
             0.99795                    0 61230 9867 6.20553
               0.998                    0 61178 9866 6.20089
             0.99805                    0 61120 9865 6.19564
              0.9981                    0 61078 9864 6.19201
             0.99815                    0 60996 9862 6.18495
              0.9982                    0 60938 9861 6.1797
             0.99825                    0 60862 9859 6.17324
              0.9983                    0 60808 9859 6.16777
             0.99835                    0 60714 9855 6.16073
              0.9984                    0 60640 9854 6.15385
             0.99845                    0 60576 9854 6.14735
              0.9985                    0 60520 9854 6.14167
             0.99855                    0 60456 9853 6.1358
              0.9986                    0 60384 9850 6.13036
             0.99865                    0 60304 9849 6.12286
              0.9987                    0 60204 9845 6.11519
             0.99875                    0 60120 9844 6.10727
              0.9988                    0 60010 9840 6.09858
             0.99885                    0 59940 9839 6.09208
              0.9989                    0 59794 9833 6.08095
             0.99895                    0 59718 9832 6.07384
               0.999                    0 59618 9831 6.06429
               0.999                    0 59618 9831 6.06429
             0.99905                    0 59490 9826 6.05435
              0.9991                    0 59344 9825 6.0401
             0.99915                    0 59166 9822 6.02382
              0.9992                    0 0 0 nan
             0.99925                    0 0 0 nan
              0.9993                    0 0 0 nan
             0.99935                    0 0 0 nan
              0.9994                    0 0 0 nan
             0.99945                    0 0 0 nan
              0.9995                    0 0 0 nan
             0.99955                    0 0 0 nan
              0.9996                    0 0 0 nan
             0.99965                    0 0 0 nan
              0.9997                    0 0 0 nan
             0.99975                    0 0 0 nan
              0.9998                    0 0 0 nan
             0.99985                    0 0 0 nan
              0.9999                    0 0 0 nan
             0.99995                    0 0 0 nan
             0.99995                    0 0 0 nan
   0.999967923540027                    0 0 0 nan
   0.999979422014312                    0 0 0 nan
   0.999986798621315                    0 0 0 nan
   0.999991530930101                    0 0 0 nan
   0.999994566844367                    0 0 0 nan
   0.999996514472017                    0 0 0 nan
   0.999997763932023                    0 0 0 nan
   0.999998565497101                    0 0 0 nan
   0.999999079724504                    0 0 0 nan
   0.999999409616397                    0 0 0 nan
    0.99999962125168                    0 0 0 nan
   0.999999757021893                    0 0 0 nan
    0.99999984412245                    0 0 0 nan
           0.9999999                    0 0 0 nan
                   1                    0 0 0 nan
                0.98                    2 23.9901 9978 0.0024043
             0.98005                    2 23.8619 9978 0.00239145
              0.9801                    2 23.7329 9977 0.00237876
             0.98015                    2 23.6038 9976 0.00236606
              0.9802                    2 23.4767 9976 0.00235331
             0.98025                    2 23.3498 9976 0.0023406
              0.9803                    2 23.2234 9976 0.00232793
             0.98035                    2 23.0973 9976 0.00231529
              0.9804                    2 22.9716 9976 0.00230268
             0.98045                    2 22.8462 9976 0.00229011
              0.9805                    2 22.7212 9976 0.00227758
             0.98055                    2 22.5965 9976 0.00226508
              0.9806                    2 22.4722 9976 0.00225262
             0.98065                    2 22.3482 9976 0.0022402
              0.9807                    2 22.2246 9976 0.00222781
             0.98075                    2 22.1014 9976 0.00221546
              0.9808                    2 21.9785 9976 0.00220314
             0.98085                    2 21.856 9976 0.00219086
              0.9809                    2 21.7338 9976 0.00217861
             0.98095                    2 21.612 9976 0.0021664
               0.981                    2 21.4905 9976 0.00215422
             0.98105                    2 21.3694 9976 0.00214208
              0.9811                    2 21.2487 9976 0.00212998
             0.98115                    2 21.1283 9976 0.00211791
              0.9812                    2 21.0083 9976 0.00210588
             0.98125                    2 20.8886 9976 0.00209388
              0.9813                    2 20.7692 9976 0.00208192
             0.98135                    2 20.6503 9976 0.00207
              0.9814                    2 20.5317 9976 0.00205811
             0.98145                    2 20.413 9975 0.00204642
              0.9815                    2 20.2951 9975 0.0020346
             0.98155                    2 20.1776 9975 0.00202281
              0.9816                    2 20.0599 9974 0.00201121
             0.98165                    2 19.943 9974 0.0019995
              0.9817                    2 19.8265 9974 0.00198782
             0.98175                    2 19.7104 9974 0.00197618
              0.9818                    2 19.5947 9974 0.00196457
             0.98185                    2 19.4793 9974 0.001953
              0.9819                    2 19.3642 9974 0.00194147
             0.98195                    2 19.2489 9973 0.0019301
               0.982                    2 19.1346 9973 0.00191864
             0.98205                    2 19.0206 9973 0.00190721
              0.9821                    2 18.907 9973 0.00189581
             0.98215                    2 18.7937 9973 0.00188446
              0.9822                    2 18.6807 9973 0.00187313
             0.98225                    2 18.5682 9973 0.00186184
              0.9823                    2 18.456 9973 0.00185059
             0.98235                    2 18.3433 9972 0.00183948
              0.9824                    2 18.2318 9972 0.0018283
             0.98245                    2 18.1207 9972 0.00181716
              0.9825                    2 18.0099 9972 0.00180604
             0.98255                    2 17.8994 9972 0.00179497
              0.9826                    2 17.7893 9972 0.00178393
             0.98265                    2 17.6796 9972 0.00177292
              0.9827                    2 17.5702 9972 0.00176195
             0.98275                    2 17.4612 9972 0.00175102
              0.9828                    2 17.3525 9972 0.00174012
             0.98285                    2 17.2441 9972 0.00172926
              0.9829                    2 17.1362 9972 0.00171843
             0.98295                    2 17.0285 9972 0.00170764
               0.983                    2 16.9213 9972 0.00169688
             0.98305                    2 16.8143 9972 0.00168615
              0.9831                    2 16.7078 9972 0.00167547
             0.98315                    2 16.6015 9972 0.00166482
              0.9832                    2 16.4957 9972 0.0016542
             0.98325                    2 16.3883 9970 0.00164377
              0.9833                    2 16.2832 9970 0.00163322
             0.98335                    2 16.1784 9970 0.00162271
              0.9834                    2 16.0739 9970 0.00161223
             0.98345                    2 15.9698 9970 0.00160179
              0.9835                    2 15.8661 9970 0.00159138
             0.98355                    2 15.7621 9969 0.00158111
              0.9836                    2 15.659 9969 0.00157077
             0.98365                    2 15.5563 9969 0.00156047
              0.9837                    2 15.454 9969 0.00155021
             0.98375                    2 15.352 9969 0.00153997
              0.9838                    2 15.2504 9969 0.00152978
             0.98385                    2 15.1486 9968 0.00151972
              0.9839                    2 15.0476 9968 0.00150959
             0.98395                    2 14.947 9968 0.0014995
               0.984                    2 14.8468 9968 0.00148945
             0.98405                    2 14.7469 9968 0.00147943
              0.9841                    2 14.6469 9967 0.00146954
             0.98415                    2 14.5477 9967 0.00145959
              0.9842                    2 14.4489 9967 0.00144967
             0.98425                    2 14.3504 9967 0.00143979
              0.9843                    2 14.2519 9966 0.00143006
             0.98435                    2 14.1541 9966 0.00142024
              0.9844                    2 14.0567 9966 0.00141047
             0.98445                    2 13.9596 9966 0.00140072
              0.9845                    2 13.8629 9966 0.00139102
             0.98455                    2 13.7665 9966 0.00138134
              0.9846                    2 13.6697 9965 0.00137177
             0.98465                    2 13.574 9965 0.00136217
              0.9847                    2 13.4787 9965 0.0013526
             0.98475                    2 13.3837 9965 0.00134307
              0.9848                    2 13.289 9965 0.00133357
             0.98485                    2 13.1947 9965 0.00132411
              0.9849                    2 13.1008 9965 0.00131468
             0.98495                    2 13.0068 9964 0.00130538
               0.985                    2 12.9136 9964 0.00129602
             0.98505                    2 12.8207 9964 0.0012867
              0.9851                    2 12.7281 9964 0.00127741
             0.98515                    2 12.6359 9964 0.00126816
              0.9852                    2 12.544 9964 0.00125894
             0.98525                    2 12.4525 9964 0.00124975
              0.9853                    2 12.3609 9963 0.00124068
             0.98535                    2 12.2701 9963 0.00123157
              0.9854                    2 12.1796 9963 0.00122249
             0.98545                    2 12.0895 9963 0.00121344
              0.9855                    2 11.9997 9963 0.00120443
             0.98555                    2 11.9103 9963 0.00119545
              0.9856                    2 11.8212 9963 0.00118651
             0.98565                    2 11.7324 9963 0.0011776
              0.9857                    2 11.644 9963 0.00116873
             0.98575                    2 11.556 9963 0.00115989
              0.9858                    2 11.4683 9963 0.00115109
             0.98585                    2 11.3809 9963 0.00114232
              0.9859                    2 11.2939 9963 0.00113358
             0.98595                    2 11.2072 9963 0.00112488
               0.986                    2 11.1209 9963 0.00111622
             0.98605                    2 11.0349 9963 0.00110759
              0.9861                    2 10.9492 9963 0.00109899
             0.98615                    2 10.8639 9963 0.00109043
              0.9862                    2 10.779 9963 0.0010819
             0.98625                    2 10.6944 9963 0.00107341
              0.9863                    2 10.6101 9963 0.00106495
             0.98635                    2 10.5262 9963 0.00105653
              0.9864                    2 10.4426 9963 0.00104814
             0.98645                    2 10.3594 9963 0.00103978
              0.9865                    2 10.2765 9963 0.00103146
             0.98655                    2 10.1939 9963 0.00102318
              0.9866                    2 10.1117 9963 0.00101493
             0.98665                    2 10.0299 9963 0.00100671
              0.9867                    2 9.94836 9963 0.00099853
             0.98675                    2 9.86718 9963 0.000990383
              0.9868                    2 9.78635 9963 0.00098227
             0.98685                    2 9.70587 9963 0.000974191
              0.9869                    2 9.62572 9963 0.000966147
             0.98695                    2 9.54542 9962 0.000958183
               0.987                    2 9.46596 9962 0.000950207
             0.98705                    2 9.38685 9962 0.000942266
              0.9871                    2 9.30808 9962 0.000934359
             0.98715                    2 9.22943 9961 0.000926557
              0.9872                    2 9.15113 9960 0.000918788
             0.98725                    2 9.07339 9960 0.000910983
              0.9873                    2 8.99559 9959 0.000903262
             0.98735                    2 8.91854 9959 0.000895526
              0.9874                    2 8.84143 9958 0.000887872
             0.98745                    2 8.76507 9958 0.000880204
              0.9875                    2 8.68905 9958 0.00087257
             0.98755                    2 8.61338 9958 0.00086497
              0.9876                    2 8.53756 9956 0.000857529
             0.98765                    2 8.46257 9956 0.000849997
              0.9877                    2 8.38764 9955 0.000842556
             0.98775                    2 8.31334 9955 0.000835092
              0.9878                    2 8.23938 9955 0.000827663
             0.98785                    2 8.16576 9955 0.000820268
              0.9879                    2 8.09249 9955 0.000812907
             0.98795                    2 8.01955 9955 0.00080558
               0.988                    2 7.94695 9955 0.000798287
             0.98805                    2 7.87395 9954 0.000791033
              0.9881                    2 7.80204 9954 0.000783809
             0.98815                    2 7.73047 9954 0.000776619
              0.9882                    2 7.65923 9954 0.000769463
             0.98825                    2 7.58793 9953 0.000762376
              0.9883                    2 7.51738 9953 0.000755288
             0.98835                    2 7.44717 9953 0.000748234
              0.9884                    2 7.37699 9952 0.000741257
             0.98845                    2 7.30713 9951 0.000734311
              0.9885                    2 7.23794 9951 0.000727358
             0.98855                    2 7.1685 9949 0.000720525
              0.9886                    2 7.09964 9947 0.000713746
             0.98865                    2 7.03148 9947 0.000706895
              0.9887                    2 6.96366 9947 0.000700077
             0.98875                    2 6.89618 9947 0.000693293
              0.9888                    2 6.82904 9947 0.000686543
             0.98885                    2 6.76198 9946 0.00067987
              0.9889                    2 6.69552 9946 0.000673187
             0.98895                    2 6.62939 9946 0.000666539
               0.989                    2 6.56361 9946 0.000659924
             0.98905                    2 6.49816 9946 0.000653344
              0.9891                    2 6.43304 9946 0.000646797
             0.98915                    2 6.36826 9946 0.000640284
              0.9892                    2 6.30382 9946 0.000633805
             0.98925                    2 6.23972 9946 0.00062736
              0.9893                    2 6.17595 9946 0.000620949
             0.98935                    2 6.11252 9946 0.000614571
              0.9894                    2 6.04943 9946 0.000608227
             0.98945                    2 5.98667 9946 0.000601918
              0.9895                    2 5.92425 9946 0.000595642
             0.98955                    2 5.86217 9946 0.0005894
              0.9896                    2 5.80042 9946 0.000583191
             0.98965                    2 5.73875 9945 0.000577049
              0.9897                    2 5.67768 9945 0.000570908
             0.98975                    2 5.61694 9945 0.0005648
              0.9898                    2 5.55654 9945 0.000558727
             0.98985                    2 5.49647 9945 0.000552687
              0.9899                    2 5.43674 9945 0.00054668
             0.98995                    2 5.37709 9943 0.000540792
                0.99                    2 5.31782 9942 0.000534884
             0.99005                    2 5.2591 9942 0.000528978
              0.9901                    2 5.20071 9942 0.000523105
             0.99015                    2 5.14266 9942 0.000517267
              0.9902                    2 5.08495 9942 0.000511461
             0.99025                    2 5.02728 9941 0.000505712
              0.9903                    2 4.97024 9941 0.000499973
             0.99035                    2 4.91353 9941 0.000494269
              0.9904                    2 4.85715 9941 0.000488598
             0.99045                    2 4.80111 9941 0.000482961
              0.9905                    2 4.7454 9941 0.000477357
             0.99055                    2 4.69003 9941 0.000471786
              0.9906                    2 4.63499 9941 0.00046625
             0.99065                    2 4.58028 9941 0.000460747
              0.9907                    2 4.52573 9940 0.000455304
             0.99075                    2 4.47169 9940 0.000449868
              0.9908                    2 4.41798 9940 0.000444465
             0.99085                    2 4.36461 9940 0.000439096
              0.9909                    2 4.31133 9939 0.000433779
             0.99095                    2 4.25863 9939 0.000428477
               0.991                    2 4.20626 9939 0.000423207
             0.99105                    2 4.15422 9939 0.000417972
              0.9911                    2 4.10251 9939 0.000412769
             0.99115                    2 4.05096 9938 0.000407623
              0.9912                    2 3.99966 9937 0.000402502
             0.99125                    2 3.94869 9935 0.000397453
              0.9913                    2 3.89832 9935 0.000392383
             0.99135                    2 3.84829 9935 0.000387346
              0.9914                    2 3.79856 9934 0.00038238
             0.99145                    2 3.74904 9933 0.000377433
              0.9915                    2 3.7 9933 0.000372496
             0.99155                    2 3.65129 9933 0.000367592
              0.9916                    2 3.60291 9933 0.000362721
             0.99165                    2 3.5547 9932 0.000357903
              0.9917                    2 3.5068 9931 0.000353116
             0.99175                    2 3.45941 9931 0.000348345
              0.9918                    2 3.41236 9931 0.000343607
             0.99185                    2 3.36564 9931 0.000338902
              0.9919                    2 3.31924 9931 0.000334231
             0.99195                    2 3.27318 9931 0.000329592
               0.992                    2 3.22745 9931 0.000324987
             0.99205                    2 3.18204 9931 0.000320415
              0.9921                    2 3.13697 9931 0.000315876
             0.99215                    2 3.0921 9930 0.00031139
              0.9922                    2 3.04768 9930 0.000306917
             0.99225                    2 3.0034 9929 0.000302487
              0.9923                    2 2.95948 9928 0.000298094
             0.99235                    2 2.91585 9927 0.00029373
              0.9924                    2 2.87276 9927 0.000289389
             0.99245                    2 2.83 9927 0.000285081
              0.9925                    2 2.78757 9927 0.000280806
             0.99255                    2 2.74546 9927 0.000276565
              0.9926                    2 2.70359 9926 0.000272375
             0.99265                    2 2.66205 9925 0.000268216
              0.9927                    2 2.62082 9924 0.000264089
             0.99275                    2 2.58003 9924 0.000259979
              0.9928                    2 2.53941 9923 0.000255911
             0.99285                    2 2.49927 9923 0.000251867
              0.9929                    2 2.45947 9923 0.000247855
             0.99295                    2 2.41999 9923 0.000243876
               0.993                    2 2.38077 9922 0.000239949
             0.99305                    2 2.34195 9922 0.000236036
              0.9931                    2 2.30334 9921 0.000232168
             0.99315                    2 2.26514 9920 0.000228341
              0.9932                    2 2.2272 9919 0.000224539
             0.99325                    2 2.18968 9919 0.000220756
              0.9933                    2 2.15242 9918 0.000217021
             0.99335                    2 2.11545 9917 0.000213315
              0.9934                    2 2.07891 9917 0.000209631
             0.99345                    2 2.04257 9916 0.000205988
              0.9935                    2 2.00669 9916 0.000202369
             0.99355                    2 1.97112 9916 0.000198782
              0.9936                    2 1.93562 9914 0.000195241
             0.99365                    2 1.90065 9913 0.000191733
              0.9937                    2 1.86606 9913 0.000188244
             0.99375                    2 1.8318 9913 0.000184788
              0.9938                    2 1.79786 9913 0.000181364
             0.99385                    2 1.76425 9913 0.000177973
              0.9939                    2 1.73096 9913 0.000174615
             0.99395                    2 1.69799 9913 0.000171289
               0.994                    2 1.66534 9913 0.000167996
             0.99405                    2 1.63302 9913 0.000164735
              0.9941                    2 1.60102 9913 0.000161507
             0.99415                    2 1.56935 9913 0.000158312
              0.9942                    2 1.53799 9913 0.000155149
             0.99425                    2 1.50691 9912 0.000152029
              0.9943                    2 1.4762 9912 0.000148931
             0.99435                    2 1.44574 9910 0.000145887
              0.9944                    2 1.41554 9908 0.000142869
             0.99445                    2 1.3858 9908 0.000139867
              0.9945                    2 1.35635 9907 0.000136908
             0.99455                    2 1.32719 9906 0.000133978
              0.9946                    2 1.29832 9905 0.000131078
             0.99465                    2 1.26988 9905 0.000128206
              0.9947                    2 1.24172 9904 0.000125376
             0.99475                    2 1.21392 9904 0.000122568
              0.9948                    2 1.18643 9904 0.000119793
             0.99485                    2 1.15927 9904 0.00011705
              0.9949                    2 1.13237 9903 0.000114346
             0.99495                    2 1.10585 9903 0.000111668
               0.995                    2 1.07964 9903 0.000109022
             0.99505                    2 1.05376 9903 0.000106408
              0.9951                    2 1.02819 9903 0.000103826
             0.99515                    2 1.00287 9901 0.00010129
              0.9952                    2 0.97795 9901 9.87728e-05
             0.99525                    2 0.953343 9901 9.62875e-05
              0.9953                    2 0.929055 9901 9.38345e-05
             0.99535                    2 0.905085 9901 9.14135e-05
              0.9954                    2 0.881389 9899 8.90381e-05
             0.99545                    2 0.857936 9897 8.66865e-05
              0.9955                    2 0.834876 9896 8.4365e-05
             0.99555                    2 0.812121 9895 8.20739e-05
              0.9956                    2 0.78975 9895 7.9813e-05
             0.99565                    2 0.767696 9895 7.75842e-05
              0.9957                    2 0.745959 9895 7.53874e-05
             0.99575                    2 0.724538 9895 7.32227e-05
              0.9958                    2 0.703388 9894 7.10924e-05
             0.99585                    2 0.682602 9894 6.89916e-05
              0.9959                    2 0.662133 9894 6.69227e-05
             0.99595                    2 0.64198 9894 6.48858e-05
               0.996                    2 0.622143 9894 6.28808e-05
             0.99605                    2 0.602616 9893 6.09134e-05
              0.9961                    2 0.583411 9893 5.89721e-05
             0.99615                    2 0.564521 9893 5.70626e-05
              0.9962                    2 0.545909 9891 5.51925e-05
             0.99625                    2 0.527651 9891 5.33466e-05
              0.9963                    2 0.509707 9891 5.15324e-05
             0.99635                    2 0.492078 9891 4.97501e-05
              0.9964                    2 0.474753 9890 4.80033e-05
             0.99645                    2 0.457736 9889 4.62874e-05
              0.9965                    2 0.441051 9889 4.46001e-05
             0.99655                    2 0.424679 9889 4.29446e-05
              0.9966                    2 0.40862 9889 4.13207e-05
             0.99665                    2 0.392875 9889 3.97285e-05
              0.9967                    2 0.37742 9888 3.81695e-05
             0.99675                    2 0.362302 9888 3.66405e-05
              0.9968                    2 0.347457 9886 3.51463e-05
             0.99685                    2 0.332948 9885 3.36821e-05
              0.9969                    2 0.31877 9885 3.22478e-05
             0.99695                    2 0.304904 9885 3.08451e-05
               0.997                    2 0.29135 9885 2.94739e-05
             0.99705                    2 0.278099 9884 2.81363e-05
              0.9971                    2 0.265169 9884 2.68281e-05
             0.99715                    2 0.252541 9883 2.55531e-05
              0.9972                    2 0.240224 9882 2.43092e-05
             0.99725                    2 0.228214 9880 2.30986e-05
              0.9973                    2 0.216529 9880 2.19159e-05
             0.99735                    2 0.205154 9880 2.07646e-05
              0.9974                    2 0.19409 9880 1.96447e-05
             0.99745                    2 0.183333 9879 1.85579e-05
              0.9975                    2 0.172885 9878 1.7502e-05
             0.99755                    2 0.162735 9877 1.64762e-05
              0.9976                    2 0.152878 9872 1.5486e-05
             0.99765                    2 0.143365 9872 1.45224e-05
              0.9977                    2 0.13416 9872 1.35899e-05
             0.99775                    2 0.125252 9870 1.26902e-05
              0.9978                    2 0.116662 9869 1.1821e-05
             0.99785                    2 0.108374 9868 1.09824e-05
              0.9979                    2 0.100403 9868 1.01746e-05
             0.99795                    2 0.0927339 9867 9.39838e-06
               0.998                    2 0.085373 9866 8.65325e-06
             0.99805                    2 0.0783212 9865 7.9393e-06
              0.9981                    2 0.0715738 9864 7.25606e-06
             0.99815                    2 0.0651324 9862 6.60438e-06
              0.9982                    2 0.0589967 9861 5.98283e-06
             0.99825                    2 0.0531642 9859 5.39246e-06
              0.9983                    2 0.0476434 9859 4.83248e-06
             0.99835                    2 0.0424171 9855 4.30412e-06
              0.9984                    2 0.0375037 9854 3.80594e-06
             0.99845                    2 0.0328971 9854 3.33845e-06
              0.9985                    2 0.0285938 9854 2.90174e-06
             0.99855                    2 0.0245917 9853 2.49586e-06
              0.9986                    2 0.0208911 9850 2.12093e-06
             0.99865                    2 0.0174963 9849 1.77645e-06
              0.9987                    2 0.014402 9845 1.46287e-06
             0.99875                    2 0.0116126 9844 1.17967e-06
              0.9988                    2 0.00912299 9840 9.27133e-07
             0.99885                    2 0.00693575 9839 7.04924e-07
              0.9989                    2 0.00504724 9833 5.13296e-07
             0.99895                    2 0.00346068 9832 3.51981e-07
               0.999                    2 0.00217338 9831 2.21074e-07
               0.999                    2 0.00217338 9831 2.21074e-07
             0.99905                    2 0.00118458 9826 1.20555e-07
              0.9991                    2 0.000494262 9825 5.03066e-08
             0.99915                    2 0.000101193 9822 1.03027e-08
              0.9992                    2 0 0 nan
             0.99925                    2 0 0 nan
              0.9993                    2 0 0 nan
             0.99935                    2 0 0 nan
              0.9994                    2 0 0 nan
             0.99945                    2 0 0 nan
              0.9995                    2 0 0 nan
             0.99955                    2 0 0 nan
              0.9996                    2 0 0 nan
             0.99965                    2 0 0 nan
              0.9997                    2 0 0 nan
             0.99975                    2 0 0 nan
              0.9998                    2 0 0 nan
             0.99985                    2 0 0 nan
              0.9999                    2 0 0 nan
             0.99995                    2 0 0 nan
             0.99995                    2 0 0 nan
   0.999967923540027                    2 0 0 nan
   0.999979422014312                    2 0 0 nan
   0.999986798621315                    2 0 0 nan
   0.999991530930101                    2 0 0 nan
   0.999994566844367                    2 0 0 nan
   0.999996514472017                    2 0 0 nan
   0.999997763932023                    2 0 0 nan
   0.999998565497101                    2 0 0 nan
   0.999999079724504                    2 0 0 nan
   0.999999409616397                    2 0 0 nan
    0.99999962125168                    2 0 0 nan
   0.999999757021893                    2 0 0 nan
    0.99999984412245                    2 0 0 nan
           0.9999999                    2 0 0 nan
                   1                    2 0 0 nan
